FINAL Q-Result
[[  0.         205.96485644 166.28053372   0.        ]
 [  0.         232.18317383 186.9783708  184.3683708 ]
 [  0.         263.53685981 208.86485644 205.96485644]
 [  0.         293.92984423 233.18317383 232.18317383]
 [  0.         329.92204915 262.53685981 263.53685981]
 [  0.         369.91338794 291.92984423 293.92984423]
 [  0.         416.57043104 329.92204915 329.92204915]
 [  0.         468.41159005 369.91338794 369.91338794]
 [  0.         521.56843339 416.57043104 416.57043104]
 [  0.           0.         464.40324711 468.40937043]
 [184.3683708  186.9783708  146.65248035   0.        ]
 [205.96485644 208.86485644 164.28053372 166.28053372]
 [232.18317383 233.18317383 184.0593708  186.9783708 ]
 [263.53685981 262.53685981 208.95485644 208.86485644]
 [293.92984423 291.92984423 233.28317383 233.18317383]
 [329.92204915 329.92204915 258.38485981 262.53685981]
 [369.91338794 369.91338794 292.64984423 291.92984423]
 [416.57043104 416.57043104 330.72204915 329.92204915]
 [468.41159005 464.41159005 371.91338794 369.91338794]
 [521.56843339   0.         412.97043104 416.57043104]
 [166.28053372 164.28053372 128.98723231   0.        ]
 [186.9783708  184.0593708  142.85248035 146.65248035]
 [208.86485644 208.95485644 163.65343372 164.28053372]
 [233.18317383 233.28317383 183.0593708  184.0593708 ]
 [262.53685981 258.38485981 208.95485644 208.95485644]
 [291.92984423 292.64984423 232.51537383 233.28317383]
 [329.92204915 330.72204915 262.79485981 258.38485981]
 [369.91338794 371.91338794 297.54984423 292.64984423]
 [416.57043104 412.97043104 331.72204915 330.72204915]
 [464.41159005   0.         367.67338794 371.91338794]
 [146.65248035 142.85248035 113.80623268   0.        ]
 [164.28053372 163.65343372 130.89581409 128.98723231]
 [184.0593708  183.0593708  148.77312677 142.85248035]
 [208.95485644 208.95485644 168.63680752 163.65343372]
 [233.28317383 232.51537383 189.5964528  183.0593708 ]
 [258.38485981 262.79485981 211.77383644 208.95485644]
 [292.64984423 297.54984423 236.41537383 232.51537383]
 [330.72204915 331.72204915 263.79485981 262.79485981]
 [371.91338794 367.67338794 295.54984423 297.54984423]
 [412.97043104   0.         326.90604915 331.72204915]
 [128.98723231 130.89581409 100.22560941   0.        ]
 [142.85248035 148.77312677 115.80623268 113.80623268]
 [163.65343372 168.63680752 129.79581409 130.89581409]
 [183.0593708  189.5964528  149.77312677 148.77312677]
 [208.95485644 211.77383644 166.63680752 168.63680752]
 [232.51537383 236.41537383 185.5964528  189.5964528 ]
 [262.79485981 263.79485981 211.77383644 211.77383644]
 [297.54984423 295.54984423 235.59537383 236.41537383]
 [331.72204915 326.90604915 263.99485981 263.79485981]
 [367.67338794   0.         290.21544423 295.54984423]
 [113.80623268 115.80623268  87.75914847   0.        ]
 [130.89581409 129.79581409 101.95460941 100.22560941]
 [148.77312677 149.77312677 116.61623268 115.80623268]
 [168.63680752 166.63680752 131.79581409 129.79581409]
 [189.5964528  185.5964528  148.97312677 149.77312677]
 [211.77383644 211.77383644 164.93680752 166.63680752]
 [236.41537383 235.59537383 186.5964528  185.5964528 ]
 [263.79485981 263.99485981 209.93583644 211.77383644]
 [295.54984423 290.21544423 236.59537383 235.59537383]
 [326.90604915   0.         258.19389981 263.99485981]
 [100.22560941 101.95460941  76.78323363   0.        ]
 [115.80623268 116.61623268  89.75914847  87.75914847]
 [129.79581409 131.79581409  99.95460941 101.95460941]
 [149.77312677 148.97312677 115.76823268 116.61623268]
 [166.63680752 164.93680752 133.07581409 131.79581409]
 [185.5964528  186.5964528  144.44312677 148.97312677]
 [211.77383644 209.93583644 162.93680752 164.93680752]
 [235.59537383 236.59537383 184.8422528  186.5964528 ]
 [263.99485981 258.19389981 210.93583644 209.93583644]
 [290.21544423   0.         228.37450983 236.59537383]
 [ 87.75914847  89.75914847  71.29783746   0.        ]
 [101.95460941  99.95460941  81.44204163  76.78323363]
 [116.61623268 115.76823268  91.60226847  89.75914847]
 [131.79581409 133.07581409 102.89140941  99.95460941]
 [148.97312677 144.44312677 118.76823268 115.76823268]
 [164.93680752 162.93680752 127.16900229 133.07581409]
 [186.5964528  184.8422528  144.63222477 144.44312677]
 [209.93583644 210.93583644 166.25802752 162.93680752]
 [236.59537383 228.37450983 185.8422528  184.8422528 ]
 [258.19389981   0.         204.53705884 210.93583644]
 [ 76.78277663  81.44204163  59.16805372   0.        ]
 [ 89.75914847  91.60226847  70.29783746  71.29783746]
 [ 99.95460941 102.89140941  81.44204163  81.44204163]
 [115.76823268 118.76823268  90.60226847  91.60226847]
 [133.07581409 127.16900229 102.89140941 102.89140941]
 [144.44312677 144.63222477 112.08210206 118.76823268]
 [162.93680752 166.25802752 127.86900229 127.16900229]
 [184.8422528  185.8422528  147.63222477 144.63222477]
 [210.93583644 204.53705884 165.25802752 166.25802752]
 [228.37450983   0.         182.08335296 185.8422528 ]
 [ 71.29783746  70.29783746   0.           0.        ]
 [ 81.44204163  81.44204163   0.          59.16805372]
 [ 91.60226847  90.60226847   0.          70.29783746]
 [102.89140941 102.89140941   0.          81.44204163]
 [118.76823268 112.08210206   0.          90.60226847]
 [127.16900229 127.86900229   0.         102.89140941]
 [144.63222477 147.63222477   0.         112.08210206]
 [166.25802752 165.25802752   0.         127.86900229]
 [185.8422528  182.08335296   0.         147.63222477]
 [204.53705884   0.           0.         165.25802752]]